{
 "cells": [
  {
   "cell_type": "code",
   "execution_count": 1,
   "metadata": {},
   "outputs": [
    {
     "name": "stdout",
     "output_type": "stream",
     "text": [
      "[[894, 207, -248, -269, -281], [207, 646, -42, -42, 464], [-248, -42, 970, 225, -15], [-269, -42, 225, 174, -5], [-281, 464, -15, -5, 917]]\n",
      "The ratio at 2 iteration is [ -67.37293729 1070.14841849  830.16292135  915.65060241]\n",
      "The ratio at 3 iteration is [17637.59380817  1131.52326538   895.27564103  1608.16314688]\n",
      "The ratio at 4 iteration is [2103.32244076 1179.61529427 1007.57680417 1591.41403119]\n",
      "The ratio at 5 iteration is [1653.64663569 1213.61408653 1148.62503342 1545.98681846]\n",
      "The ratio at 6 iteration is [1514.40320154 1236.637174   1280.6582455  1512.4591592 ]\n",
      "The ratio at 7 iteration is [1454.0593386  1251.70762963 1373.15753214 1488.02392715]\n",
      "The ratio at 8 iteration is [1423.88928886 1261.4007524  1423.2524506  1469.54579437]\n",
      "The ratio at 9 iteration is [1407.47517667 1267.63632252 1443.98956676 1455.09453588]\n",
      "The ratio at 10 iteration is [1397.93395782 1271.72393855 1448.64304407 1443.4898178 ]\n",
      "The ratio at 11 iteration is [1392.02151317 1274.51033603 1445.73471751 1433.97649537]\n",
      "The ratio at 12 iteration is [1388.10369348 1276.52590206 1439.79804818 1426.04865721]\n",
      "The ratio at 13 iteration is [1385.32358386 1278.0967798  1433.0158846  1419.35367749]\n",
      "The ratio at 14 iteration is [1383.21945429 1279.42143345 1426.35932342 1413.63751149]\n",
      "The ratio at 15 iteration is [1381.53694226 1280.61997895 1420.21388635 1408.71201418]\n",
      "The ratio at 16 iteration is [1380.13274813 1281.76495832 1414.69447296 1404.43457418]\n",
      "The ratio at 17 iteration is [1378.92396243 1282.90018277 1409.79746399 1400.69494375]\n",
      "The ratio at 18 iteration is [1377.86095997 1284.05214073 1405.47231687 1397.40644283]\n",
      "The ratio at 19 iteration is [1376.91273208 1285.23685457 1401.65431914 1394.49991672]\n",
      "The ratio at 20 iteration is [1376.05887469 1286.46398031 1398.27886189 1391.91948211]\n",
      "The ratio at 21 iteration is [1375.2851717  1287.73924769 1395.28705391 1389.61946691]\n",
      "The ratio at 22 iteration is [1374.58113467 1289.06590571 1392.62738194 1387.5621669 ]\n",
      "The ratio at 23 iteration is [1373.93861379 1290.44557395 1390.25565568 1385.71617343]\n",
      "The ratio at 24 iteration is [1373.35099955 1291.87874054 1388.13428754 1384.05510816]\n",
      "The ratio at 25 iteration is [1372.81275271 1293.36505082 1386.23138585 1382.55665295]\n",
      "The ratio at 26 iteration is [1372.31911874 1294.90347355 1384.51986767 1381.20179717]\n",
      "The ratio at 27 iteration is [1371.86594719 1296.49239654 1382.97666925 1379.97424726]\n",
      "The ratio at 28 iteration is [1371.44957211 1298.12968315 1381.58207408 1378.85995905]\n",
      "The ratio at 29 iteration is [1371.06672872 1299.81270858 1380.31915372 1377.84676396]\n",
      "The ratio at 30 iteration is [1370.71449236 1301.53838738 1379.17330751 1376.92406762]\n",
      "The ratio at 31 iteration is [1370.39023173 1303.30319923 1378.13188539 1376.08260511]\n",
      "The ratio at 32 iteration is [1370.0915717  1305.10321693 1377.18387888 1375.31424079]\n",
      "The ratio at 33 iteration is [1369.81636277 1306.93413915 1376.31966762 1374.61180327]\n",
      "The ratio at 34 iteration is [1369.56265549 1308.79132893 1375.53081065 1373.96894882]\n",
      "The ratio at 35 iteration is [1369.32867865 1310.66985829 1374.80987385 1373.38004735]\n",
      "The ratio at 36 iteration is [1369.11282044 1312.56455884 1374.15028674 1372.84008688]\n",
      "The ratio at 37 iteration is [1368.91361206 1314.47007744 1373.54622289 1372.34459303]\n",
      "The ratio at 38 iteration is [1368.72971333 1316.38093615 1372.99249975 1371.88956084]\n",
      "The ratio at 39 iteration is [1368.55990007 1318.29159499 1372.48449424 1371.4713967 ]\n",
      "The ratio at 40 iteration is [1368.40305283 1320.19651609 1372.01807128 1371.08686879]\n",
      "The ratio at 41 iteration is [1368.25814699 1322.09022783 1371.58952305 1370.73306447]\n",
      "The ratio at 42 iteration is [1368.12424387 1323.96738725 1371.19551712 1370.4073536 ]\n",
      "The ratio at 43 iteration is [1368.00048279 1325.82283936 1370.833052   1370.10735677]\n",
      "The ratio at 44 iteration is [1367.88607404 1327.65167192 1370.49941879 1369.83091772]\n",
      "The ratio at 45 iteration is [1367.78029246 1329.44926458 1370.1921681  1369.57607936]\n",
      "The ratio at 46 iteration is [1367.68247177 1331.21133133 1369.90908138 1369.34106268]\n",
      "The ratio at 47 iteration is [1367.59199937 1332.93395563 1369.64814581 1369.12424841]\n",
      "The ratio at 48 iteration is [1367.50831174 1334.61361771 1369.40753258 1368.92416073]\n",
      "The ratio at 49 iteration is [1367.43089021 1336.24721395 1369.18557766 1368.73945298]\n",
      "The ratio at 50 iteration is [1367.35925718 1337.83206827 1368.98076503 1368.56889506]\n",
      "The ratio at 51 iteration is [1367.29297263 1339.36593604 1368.79171182 1368.41136209]\n",
      "The ratio at 52 iteration is [1367.23163103 1340.84700084 1368.61715519 1368.26582452]\n",
      "The ratio at 53 iteration is [1367.17485848 1342.27386481 1368.45594073 1368.13133919]\n",
      "The ratio at 54 iteration is [1367.12231012 1343.64553343 1368.30701211 1368.00704132]\n",
      "The ratio at 55 iteration is [1367.07366774 1344.96139543 1368.16940186 1367.89213749]\n",
      "The ratio at 56 iteration is [1367.02863769 1346.2211989  1368.04222317 1367.78589914]\n",
      "The ratio at 57 iteration is [1366.98694883 1347.42502442 1367.92466253 1367.68765688]\n",
      "The ratio at 58 iteration is [1366.94835082 1348.57325603 1367.81597311 1367.5967953 ]\n",
      "The ratio at 59 iteration is [1366.91261239 1349.66655097 1367.71546886 1367.51274829]\n",
      "The ratio at 60 iteration is [1366.87951989 1350.70580878 1367.62251917 1367.43499482]\n",
      "The ratio at 61 iteration is [1366.84887588 1351.69214058 1367.53654401 1367.3630551 ]\n",
      "The ratio at 62 iteration is [1366.82049788 1352.62683891 1367.45700966 1367.29648715]\n",
      "The ratio at 63 iteration is [1366.79421718 1353.51134875 1367.38342469 1367.23488362]\n",
      "The ratio at 64 iteration is [1366.76987782 1354.34723995 1367.31533645 1367.17786893]\n",
      "The ratio at 65 iteration is [1366.74733555 1355.13618147 1367.25232781 1367.12509668]\n",
      "The ratio at 66 iteration is [1366.72645697 1355.87991752 1367.19401422 1367.07624727]\n",
      "The ratio at 67 iteration is [1366.70711867 1356.58024578 1367.14004105 1367.03102573]\n",
      "The ratio at 68 iteration is [1366.6892065  1357.23899775 1367.09008113 1366.98915976]\n",
      "The ratio at 69 iteration is [1366.67261484 1357.85802119 1367.04383253 1366.95039789]\n",
      "The ratio at 70 iteration is [1366.65724595 1358.4391647  1367.00101654 1366.91450785]\n",
      "The ratio at 71 iteration is [1366.64300937 1358.98426425 1366.9613758  1366.88127506]\n",
      "The ratio at 72 iteration is [1366.62982141 1359.49513165 1366.92467262 1366.85050122]\n",
      "The ratio at 73 iteration is [1366.61760457 1359.97354478 1366.89068743 1366.82200306]\n",
      "The ratio at 74 iteration is [1366.60628714 1360.4212395  1366.8592173  1366.79561115]\n",
      "The ratio at 75 iteration is [1366.59580272 1360.83990299 1366.83007473 1366.77116884]\n",
      "The ratio at 76 iteration is [1366.58608984 1361.23116857 1366.80308637 1366.74853127]\n",
      "The ratio at 77 iteration is [1366.57709159 1361.59661162 1366.77809195 1366.72756445]\n",
      "The ratio at 78 iteration is [1366.56875529 1361.93774667 1366.75494328 1366.70814447]\n",
      "The ratio at 79 iteration is [1366.56103213 1362.25602541 1366.7335033  1366.69015667]\n",
      "The ratio at 80 iteration is [1366.55387693 1362.55283546 1366.71364524 1366.67349497]\n",
      "The ratio at 81 iteration is [1366.54724786 1362.82950001 1366.69525182 1366.65806122]\n",
      "The ratio at 82 iteration is [1366.54110616 1363.08727788 1366.67821454 1366.64376459]\n",
      "The ratio at 83 iteration is [1366.53541596 1363.3273642  1366.662433   1366.63052101]\n",
      "The ratio at 84 iteration is [1366.53014401 1363.55089152 1366.6478143  1366.61825266]\n",
      "The ratio at 85 iteration is [1366.52525953 1363.75893115 1366.63427246 1366.60688752]\n",
      "The ratio at 86 iteration is [1366.52073401 1363.95249494 1366.62172788 1366.59635891]\n",
      "The ratio at 87 iteration is [1366.51654104 1364.13253711 1366.61010691 1366.58660511]\n",
      "The ratio at 88 iteration is [1366.51265616 1364.29995637 1366.59934136 1366.57756895]\n",
      "The ratio at 89 iteration is [1366.50905672 1364.45559808 1366.58936809 1366.56919753]\n",
      "The ratio at 90 iteration is [1366.50572171 1364.60025649 1366.58012866 1366.56144185]\n",
      "The ratio at 91 iteration is [1366.5026317  1364.73467709 1366.57156895 1366.55425652]\n",
      "The ratio at 92 iteration is [1366.49976868 1364.85955888 1366.56363885 1366.54759954]\n",
      "The ratio at 93 iteration is [1366.49711596 1364.97555673 1366.55629196 1366.54143199]\n",
      "The ratio at 94 iteration is [1366.49465808 1365.08328361 1366.54948532 1366.53571783]\n",
      "The ratio at 95 iteration is [1366.49238073 1365.18331287 1366.54317913 1366.53042369]\n",
      "The ratio at 96 iteration is [1366.49027063 1365.27618041 1366.53733654 1366.52551866]\n",
      "The ratio at 97 iteration is [1366.4883155  1365.36238679 1366.53192342 1366.5209741 ]\n",
      "The ratio at 98 iteration is [1366.48650395 1365.44239931 1366.52690817 1366.51676349]\n",
      "The ratio at 99 iteration is [1366.48482543 1365.51665396 1366.52226149 1366.51286227]\n",
      "The ratio at 100 iteration is [1366.48327017 1365.58555729 1366.51795629 1366.50924768]\n",
      "The ratio at 101 iteration is [1366.48182912 1365.64948827 1366.51396742 1366.50589864]\n",
      "The ratio at 102 iteration is [1366.48049388 1365.70879993 1366.51027164 1366.50279564]\n",
      "The ratio at 103 iteration is [1366.47925668 1365.7638211  1366.50684738 1366.49992057]\n",
      "The ratio at 104 iteration is [1366.47811032 1365.81485785 1366.50367468 1366.4972567 ]\n",
      "The ratio at 105 iteration is [1366.47704814 1365.86219506 1366.50073504 1366.49478848]\n",
      "The ratio at 106 iteration is [1366.47606394 1365.90609772 1366.49801134 1366.49250155]\n",
      "The ratio at 107 iteration is [1366.475152   1365.94681232 1366.49548769 1366.49038258]\n",
      "The ratio at 108 iteration is [1366.47430702 1365.98456801 1366.49314941 1366.48841923]\n",
      "The ratio at 109 iteration is [1366.47352407 1366.01957783 1366.49098286 1366.48660006]\n",
      "The ratio at 110 iteration is [1366.4727986  1366.05203975 1366.48897542 1366.48491448]\n",
      "The ratio at 111 iteration is [1366.4721264  1366.08213771 1366.48711541 1366.48335269]\n",
      "The ratio at 112 iteration is [1366.47150354 1366.11004257 1366.48539199 1366.48190557]\n",
      "The ratio at 113 iteration is [1366.47092641 1366.13591304 1366.48379513 1366.48056472]\n",
      "The ratio at 114 iteration is [1366.47039166 1366.1598965  1366.48231552 1366.47932232]\n",
      "The ratio at 115 iteration is [1366.46989615 1366.18212977 1366.48094457 1366.47817114]\n",
      "The ratio at 116 iteration is [1366.46943703 1366.20273988 1366.47967428 1366.47710449]\n",
      "The ratio at 117 iteration is [1366.46901161 1366.22184472 1366.47849726 1366.47611615]\n",
      "The ratio at 118 iteration is [1366.46861742 1366.23955372 1366.47740666 1366.47520038]\n",
      "The ratio at 119 iteration is [1366.46825216 1366.25596842 1366.47639614 1366.47435185]\n",
      "The ratio at 120 iteration is [1366.46791373 1366.27118304 1366.47545981 1366.47356561]\n",
      "The ratio at 121 iteration is [1366.46760013 1366.28528498 1366.47459223 1366.47283709]\n",
      "The ratio at 122 iteration is [1366.46730956 1366.29835535 1366.47378834 1366.47216206]\n",
      "The ratio at 123 iteration is [1366.46704031 1366.31046936 1366.47304347 1366.47153659]\n",
      "The ratio at 124 iteration is [1366.46679083 1366.32169677 1366.47235329 1366.47095703]\n",
      "The ratio at 125 iteration is [1366.46655967 1366.33210231 1366.47171378 1366.47042003]\n",
      "The ratio at 126 iteration is [1366.46634547 1366.34174598 1366.47112122 1366.46992244]\n",
      "The ratio at 127 iteration is [1366.466147   1366.35068342 1366.47057216 1366.46946139]\n",
      "The ratio at 128 iteration is [1366.46596309 1366.35896626 1366.4700634  1366.46903418]\n",
      "The ratio at 129 iteration is [1366.46579269 1366.36664233 1366.469592   1366.46863833]\n",
      "The ratio at 130 iteration is [1366.4656348  1366.37375601 1366.4691552  1366.46827154]\n",
      "The ratio at 131 iteration is [1366.46548849 1366.38034842 1366.46875047 1366.46793168]\n",
      "The ratio at 132 iteration is [1366.46535293 1366.3864577  1366.46837545 1366.46761677]\n",
      "The ratio at 133 iteration is [1366.46522731 1366.3921192  1366.46802796 1366.46732497]\n",
      "The ratio at 134 iteration is [1366.46511092 1366.39736571 1366.46770598 1366.4670546 ]\n",
      "The ratio at 135 iteration is [1366.46500307 1366.40222759 1366.46740764 1366.46680407]\n",
      "The ratio at 136 iteration is [1366.46490314 1366.40673302 1366.46713119 1366.46657193]\n",
      "The ratio at 137 iteration is [1366.46481054 1366.4109081  1366.46687504 1366.46635684]\n",
      "The ratio at 138 iteration is [1366.46472474 1366.41477702 1366.46663769 1366.46615753]\n",
      "The ratio at 139 iteration is [1366.46464524 1366.41836222 1366.46641777 1366.46597285]\n",
      "The ratio at 140 iteration is [1366.46457157 1366.42168448 1366.46621399 1366.46580173]\n",
      "The ratio at 141 iteration is [1366.46450331 1366.42476308 1366.46602517 1366.46564317]\n",
      "The ratio at 142 iteration is [1366.46444007 1366.42761586 1366.46585021 1366.46549625]\n",
      "The ratio at 143 iteration is [1366.46438146 1366.43025939 1366.46568809 1366.46536012]\n",
      "The ratio at 144 iteration is [1366.46432716 1366.432709   1366.46553787 1366.46523398]\n",
      "The ratio at 145 iteration is [1366.46427684 1366.4349789  1366.46539868 1366.46511709]\n",
      "The ratio at 146 iteration is [1366.46423021 1366.43708228 1366.46526971 1366.46500879]\n",
      "The ratio at 147 iteration is [1366.46418701 1366.43903135 1366.46515021 1366.46490844]\n",
      "The ratio at 148 iteration is [1366.46414698 1366.44083741 1366.46503947 1366.46481545]\n",
      "The ratio at 149 iteration is [1366.46410989 1366.44251096 1366.46493687 1366.46472929]\n",
      "The ratio at 150 iteration is [1366.46407552 1366.44406172 1366.46484179 1366.46464946]\n",
      "The ratio at 151 iteration is [1366.46404367 1366.44549869 1366.4647537  1366.46457548]\n",
      "The ratio at 152 iteration is [1366.46401417 1366.44683022 1366.46467207 1366.46450693]\n",
      "The ratio at 153 iteration is [1366.46398682 1366.44806404 1366.46459644 1366.46444342]\n",
      "The ratio at 154 iteration is [1366.46396149 1366.44920732 1366.46452635 1366.46438457]\n",
      "The ratio at 155 iteration is [1366.46393801 1366.4502667  1366.46446141 1366.46433004]\n",
      "The ratio at 156 iteration is [1366.46391626 1366.45124835 1366.46440124 1366.46427951]\n",
      "The ratio at 157 iteration is [1366.4638961  1366.45215795 1366.46434549 1366.46423269]\n",
      "The ratio at 158 iteration is [1366.46387743 1366.4530008  1366.46429382 1366.46418931]\n",
      "The ratio at 159 iteration is [1366.46386012 1366.4537818  1366.46424595 1366.46414911]\n",
      "The ratio at 160 iteration is [1366.46384408 1366.45450548 1366.4642016  1366.46411186]\n",
      "The ratio at 161 iteration is [1366.46382923 1366.45517605 1366.46416049 1366.46407734]\n",
      "The ratio at 162 iteration is [1366.46381546 1366.4557974  1366.46412241 1366.46404536]\n",
      "The ratio at 163 iteration is [1366.4638027  1366.45637315 1366.46408712 1366.46401573]\n",
      "The ratio at 164 iteration is [1366.46379088 1366.45690665 1366.46405442 1366.46398827]\n",
      "The ratio at 165 iteration is [1366.46377993 1366.45740099 1366.46402413 1366.46396283]\n",
      "The ratio at 166 iteration is [1366.46376978 1366.45785905 1366.46399605 1366.46393926]\n",
      "The ratio at 167 iteration is [1366.46376038 1366.45828349 1366.46397004 1366.46391741]\n",
      "The ratio at 168 iteration is [1366.46375166 1366.45867677 1366.46394594 1366.46389717]\n",
      "The ratio at 169 iteration is [1366.46374359 1366.4590412  1366.4639236  1366.46387842]\n",
      "\n",
      "x = Av - lv: [-0.00067717 -0.00017986  0.00063236  0.00028233  0.00015521]\n",
      "Value: 1366.4627211089532. Vector: [-0.66716137  0.05381328  0.53508376  0.24767197  0.45204402]\n"
     ]
    }
   ],
   "source": [
    "\"\"\"\n",
    "Numerical Methods 3rd year, 1 semester.\n",
    "Complete solutions to the problem of finding eigenvalues and vectors. Realization Power, Jacobi, LU methods. \n",
    "\"\"\"\n",
    "import numpy as np\n",
    "import pandas as pd\n",
    "\n",
    "'''Power method'''\n",
    "\n",
    "def vector_value(mat):\n",
    "    y = [[]]\n",
    "    x = [[]]\n",
    "    l = [0]\n",
    "    \n",
    "    # Initializing and regulation starting vector for iterative method:\n",
    "    y[0] = [1 for _ in range(len(mat))]\n",
    "    x[0] = y[0] / np.linalg.norm(y[0])\n",
    "    k = 1\n",
    "\n",
    "    # Calculating the ratio of the k-th vector to the k-1-th:\n",
    "    y = np.append(y, [np.dot(mat, x[k - 1])], axis=0)\n",
    "    x = np.append(x, [y[k]] / np.linalg.norm(y[k]), axis=0)\n",
    "    l = np.append(l, y[k] / x[k - 1][0])\n",
    "\n",
    "    # Iterative method:\n",
    "    while np.abs(l[k] - l[k - 1]) > 0.0001:\n",
    "        k += 1\n",
    "        y = np.append(y, [np.dot(mat, x[k - 1])], axis=0)\n",
    "        x = np.append(x, [y[k] / np.linalg.norm(y[k])], axis=0)\n",
    "        l = np.append(l, (np.mean(y[k] / x[k - 1])))\n",
    "        print('The ratio at {} iteration is {}'.format(k, (y[k] / x[k - 1])[0:4]))\n",
    "    \n",
    "    # Calculating the residual vector:\n",
    "    print('\\nx = Av - lv: {}'.format(np.dot(mat, x[-1]) - np.dot(l[-1], x[-1])))\n",
    "    \n",
    "    # Returning the highest eigenvalue and eigenvector:\n",
    "    return (l[-1], x[-1])\n",
    "\n",
    "\n",
    "A = [[894, 207, -248, -269, -281],\n",
    "     [207, 646, -42, -42, 464],\n",
    "     [-248, -42, 970, 225, -15],\n",
    "     [-269, -42, 225, 174, -5],\n",
    "     [-281, 464, -15, -5, 917]]\n",
    "print(A)\n",
    "\n",
    "l1, x1 = vector_value(A)\n",
    "print('Value: {}. Vector: {}'.format(l1, x1))\n"
   ]
  },
  {
   "cell_type": "code",
   "execution_count": 164,
   "metadata": {
    "scrolled": false
   },
   "outputs": [
    {
     "name": "stdout",
     "output_type": "stream",
     "text": [
      "Iteration 1 \n",
      "----------\n",
      "1) [[ 8.94000000e+02  3.34183346e+02 -2.48000000e+02 -2.69000000e+02\n",
      "  -1.00655309e+02]\n",
      " [ 3.34183346e+02  2.98119974e+02 -2.46061563e+01 -3.06048322e+01\n",
      "   1.10246965e-14]\n",
      " [-2.48000000e+02 -2.46061563e+01  9.70000000e+02  2.25000000e+02\n",
      "  -3.71959282e+01]\n",
      " [-2.69000000e+02 -3.06048322e+01  2.25000000e+02  1.74000000e+02\n",
      "  -2.91949353e+01]\n",
      " [-1.00655309e+02 -1.53643135e-15 -3.71959282e+01 -2.91949353e+01\n",
      "   1.26488003e+03]]\n",
      "2) i, j:  (1, 4)\n",
      "3) c, s: 0.800099, 0.599868; c^2 + s^2 = 1.000000\n",
      "4) delta: 3459209.000000, omega: 620156.000000, frobenius_norm: 4079365.000000, delta+omega= 4079365.000000 \n",
      "\n",
      "Iteration 2 \n",
      "----------\n",
      "1) [[ 1.04377280e+03  1.31810232e-13 -2.36374205e+02 -2.57990955e+02\n",
      "  -9.18523479e+01]\n",
      " [ 4.99728321e-14  1.48347177e+02  7.89727682e+01  8.20872884e+01\n",
      "   4.11659743e+01]\n",
      " [-2.36374205e+02  7.89727682e+01  9.70000000e+02  2.25000000e+02\n",
      "  -3.71959282e+01]\n",
      " [-2.57990955e+02  8.20872884e+01  2.25000000e+02  1.74000000e+02\n",
      "  -2.91949353e+01]\n",
      " [-9.18523479e+01  4.11659743e+01 -3.71959282e+01 -2.91949353e+01\n",
      "   1.26488003e+03]]\n",
      "2) i, j:  (0, 1)\n",
      "3) c, s: 0.912543, -0.408980; c^2 + s^2 = 1.000000\n",
      "4) delta: 3682566.017483, omega: 396798.982517, frobenius_norm: 4079365.000000, delta+omega= 4079365.000000 \n",
      "\n",
      "Iteration 3 \n",
      "----------\n",
      "1) [[ 1.11453995e+03 -2.17145203e+01 -2.87473146e+02 -1.08843675e-13\n",
      "  -8.08574174e+01]\n",
      " [-2.17145203e+01  1.48347177e+02  7.89727682e+01  7.91631387e+01\n",
      "   4.11659743e+01]\n",
      " [-2.87473146e+02  7.89727682e+01  9.70000000e+02  1.54456969e+02\n",
      "  -3.71959282e+01]\n",
      " [-1.64873515e-13  7.91631387e+01  1.54456969e+02  1.03232849e+02\n",
      "  -5.24526082e+01]\n",
      " [-8.08574174e+01  4.11659743e+01 -3.71959282e+01 -5.24526082e+01\n",
      "   1.26488003e+03]]\n",
      "2) i, j:  (0, 3)\n",
      "3) c, s: 0.964378, 0.264530; c^2 + s^2 = 1.000000\n",
      "4) delta: 3815684.683154, omega: 263680.316846, frobenius_norm: 4079365.000000, delta+omega= 4079365.000000 \n",
      "\n",
      "Iteration 4 \n",
      "----------\n",
      "1) [[ 1.33868819e+03 -6.56841616e+01  4.26969104e-14 -9.49746570e+01\n",
      "  -4.08934004e+01]\n",
      " [-6.56841616e+01  1.48347177e+02  4.89265718e+01  7.91631387e+01\n",
      "   4.11659743e+01]\n",
      " [-1.21141609e-13  4.89265718e+01  7.45851758e+02  1.21806280e+02\n",
      "  -7.90518110e+01]\n",
      " [-9.49746570e+01  7.91631387e+01  1.21806280e+02  1.03232849e+02\n",
      "  -5.24526082e+01]\n",
      " [-4.08934004e+01  4.11659743e+01 -7.90518110e+01 -5.24526082e+01\n",
      "   1.26488003e+03]]\n",
      "2) i, j:  (0, 2)\n",
      "3) c, s: 0.788610, 0.614894; c^2 + s^2 = 1.000000\n",
      "4) delta: 3980966.302348, omega: 98398.697652, frobenius_norm: 4079365.000000, delta+omega= 4079365.000000 \n",
      "\n",
      "Iteration 5 \n",
      "----------\n",
      "1) [[ 1.33868819e+03 -6.56841616e+01 -1.71132643e+01 -9.34201352e+01\n",
      "  -4.08934004e+01]\n",
      " [-6.56841616e+01  1.48347177e+02  6.23899770e+01  6.90514498e+01\n",
      "   4.11659743e+01]\n",
      " [-1.71132643e+01  6.23899770e+01  7.68164968e+02  2.24887874e-14\n",
      "  -8.72092249e+01]\n",
      " [-9.34201352e+01  6.90514498e+01 -1.15549918e-14  8.09196391e+01\n",
      "  -3.73499134e+01]\n",
      " [-4.08934004e+01  4.11659743e+01 -8.72092249e+01 -3.73499134e+01\n",
      "   1.26488003e+03]]\n",
      "2) i, j:  (2, 3)\n",
      "3) c, s: 0.983632, -0.180188; c^2 + s^2 = 1.000000\n",
      "4) delta: 4010639.841836, omega: 68725.158164, frobenius_norm: 4079365.000000, delta+omega= 4079365.000000 \n",
      "\n",
      "Iteration 6 \n",
      "----------\n",
      "1) [[ 1.34558906e+03 -7.05925999e+01 -1.70667639e+01 -2.49079985e-13\n",
      "  -3.80307724e+01]\n",
      " [-7.05925999e+01  1.48347177e+02  6.23899770e+01  6.40249689e+01\n",
      "   4.11659743e+01]\n",
      " [-1.70667639e+01  6.23899770e+01  7.68164968e+02 -1.26070842e+00\n",
      "  -8.72092249e+01]\n",
      " [-2.65699986e-13  6.40249689e+01 -1.26070842e+00  7.40187672e+01\n",
      "  -4.02609809e+01]\n",
      " [-3.80307724e+01  4.11659743e+01 -8.72092249e+01 -4.02609809e+01\n",
      "   1.26488003e+03]]\n",
      "2) i, j:  (3, 0)\n",
      "3) c, s: 0.997283, -0.073668; c^2 + s^2 = 1.000000\n",
      "4) delta: 4028094.485142, omega: 51270.514858, frobenius_norm: 4079365.000000, delta+omega= 4079365.000000 \n",
      "\n",
      "Iteration 7 \n",
      "----------\n",
      "1) [[ 1.34558906e+03 -7.05925999e+01 -2.32149655e+01 -2.49079985e-13\n",
      "  -3.46219504e+01]\n",
      " [-7.05925999e+01  1.48347177e+02  6.84205042e+01  6.40249689e+01\n",
      "   3.00962004e+01]\n",
      " [-2.32149655e+01  6.84205042e+01  7.53298427e+02 -8.00846124e+00\n",
      "   2.61830134e-14]\n",
      " [-2.65699986e-13  6.40249689e+01 -8.00846124e+00  7.40187672e+01\n",
      "  -3.94765819e+01]\n",
      " [-3.46219504e+01  3.00962004e+01  4.71448414e-15 -3.94765819e+01\n",
      "   1.27974657e+03]]\n",
      "2) i, j:  (2, 4)\n",
      "3) c, s: 0.985779, -0.168046; c^2 + s^2 = 1.000000\n",
      "4) delta: 4043305.382951, omega: 36059.617049, frobenius_norm: 4079365.000000, delta+omega= 4079365.000000 \n",
      "\n",
      "Iteration 8 \n",
      "----------\n",
      "1) [[ 1.34973702e+03 -1.30199604e-12 -2.71883982e+01 -3.75557257e+00\n",
      "  -3.63277173e+01]\n",
      " [-1.38264750e-12  1.44199218e+02  6.69409517e+01  6.39147269e+01\n",
      "   2.80135268e+01]\n",
      " [-2.71883982e+01  6.69409517e+01  7.53298427e+02 -8.00846124e+00\n",
      "   2.61830134e-14]\n",
      " [-3.75557257e+00  6.39147269e+01 -8.00846124e+00  7.40187672e+01\n",
      "  -3.94765819e+01]\n",
      " [-3.63277173e+01  2.80135268e+01  4.71448414e-15 -3.94765819e+01\n",
      "   1.27974657e+03]]\n",
      "2) i, j:  (1, 0)\n",
      "3) c, s: 0.998278, -0.058658; c^2 + s^2 = 1.000000\n",
      "4) delta: 4053272.013284, omega: 26092.986716, frobenius_norm: 4079365.000000, delta+omega= 4079365.000000 \n",
      "\n",
      "Iteration 9 \n",
      "----------\n",
      "1) [[ 1.34973702e+03  2.93554124e+00 -2.70294579e+01 -3.75557257e+00\n",
      "  -3.63277173e+01]\n",
      " [ 2.93554124e+00  1.36929079e+02 -1.53780391e-14  6.44057651e+01\n",
      "   2.78497629e+01]\n",
      " [-2.70294579e+01  1.24624689e-14  7.60568566e+02 -1.06074838e+00\n",
      "   3.02463067e+00]\n",
      " [-3.75557257e+00  6.44057651e+01 -1.06074838e+00  7.40187672e+01\n",
      "  -3.94765819e+01]\n",
      " [-3.63277173e+01  2.78497629e+01  3.02463067e+00 -3.94765819e+01\n",
      "   1.27974657e+03]]\n",
      "2) i, j:  (2, 1)\n",
      "3) c, s: 0.994154, -0.107970; c^2 + s^2 = 1.000000\n",
      "4) delta: 4062234.195323, omega: 17130.804677, frobenius_norm: 4079365.000000, delta+omega= 4079365.000000 \n",
      "\n",
      "Iteration 10 \n",
      "----------\n",
      "1) [[ 1.34973702e+03  5.00589071e-01 -2.70294579e+01 -4.74037323e+00\n",
      "  -3.63277173e+01]\n",
      " [ 5.00589071e-01  1.77150484e+02 -5.61872038e-01 -3.80116114e-14\n",
      "   2.71134965e+00]\n",
      " [-2.70294579e+01 -5.61872038e-01  7.60568566e+02 -8.99714923e-01\n",
      "   3.02463067e+00]\n",
      " [-4.74037323e+00  9.03394526e-17 -8.99714923e-01  3.37973620e+01\n",
      "  -4.82354475e+01]\n",
      " [-3.63277173e+01  2.71134965e+00  3.02463067e+00 -4.82354475e+01\n",
      "   1.27974657e+03]]\n",
      "2) i, j:  (3, 1)\n",
      "3) c, s: 0.848189, 0.529694; c^2 + s^2 = 1.000000\n",
      "4) delta: 4070530.400485, omega: 8834.599515, frobenius_norm: 4079365.000000, delta+omega= 4079365.000000 \n",
      "\n",
      "Iteration 11 \n",
      "----------\n",
      "1) [[ 1.34973702e+03  5.00589071e-01 -2.70294579e+01 -6.14007044e+00\n",
      "  -3.61174988e+01]\n",
      " [ 5.00589071e-01  1.77150484e+02 -5.61872038e-01  1.04731620e-01\n",
      "   2.70932616e+00]\n",
      " [-2.70294579e+01 -5.61872038e-01  7.60568566e+02 -7.82210699e-01\n",
      "   3.05712676e+00]\n",
      " [-6.14007044e+00  1.04731620e-01 -7.82210699e-01  3.19327742e+01\n",
      "   5.09758890e-14]\n",
      " [-3.61174988e+01  2.70932616e+00  3.05712676e+00  4.47563664e-14\n",
      "   1.28161116e+03]]\n",
      "2) i, j:  (3, 4)\n",
      "3) c, s: 0.999254, -0.038627; c^2 + s^2 = 1.000000\n",
      "4) delta: 4075183.717268, omega: 4181.282732, frobenius_norm: 4079365.000000, delta+omega= 4079365.000000 \n",
      "\n",
      "Iteration 12 \n",
      "----------\n",
      "1) [[ 1.36532041e+03 -6.13699790e-01 -2.60290454e+01 -5.63769473e+00\n",
      "   1.42479130e-14]\n",
      " [-6.13699790e-01  1.77150484e+02 -5.61872038e-01  1.04731620e-01\n",
      "   2.68596542e+00]\n",
      " [-2.60290454e+01 -5.61872038e-01  7.60568566e+02 -7.82210699e-01\n",
      "  -7.90103896e+00]\n",
      " [-5.63769473e+00  1.04731620e-01 -7.82210699e-01  3.19327742e+01\n",
      "  -2.43246029e+00]\n",
      " [ 8.49580212e-14  2.68596542e+00 -7.90103896e+00 -2.43246029e+00\n",
      "   1.26602777e+03]]\n",
      "2) i, j:  (0, 4)\n",
      "3) c, s: 0.918181, 0.396162; c^2 + s^2 = 1.000000\n",
      "4) delta: 4077792.664708, omega: 1572.335292, frobenius_norm: 4079365.000000, delta+omega= 4079365.000000 \n",
      "\n",
      "Iteration 13 \n",
      "----------\n",
      "1) [[ 1.36643865e+03 -5.89017644e-01 -2.80809068e-13 -5.59892530e+00\n",
      "   3.39127117e-01]\n",
      " [-5.89017644e-01  1.77150484e+02 -5.87695358e-01  1.04731620e-01\n",
      "   2.68596542e+00]\n",
      " [-4.59915843e-13 -5.87695358e-01  7.59450321e+02 -1.02347006e+00\n",
      "  -7.89375763e+00]\n",
      " [-5.59892530e+00  1.04731620e-01 -1.02347006e+00  3.19327742e+01\n",
      "  -2.43246029e+00]\n",
      " [ 3.39127117e-01  2.68596542e+00 -7.89375763e+00 -2.43246029e+00\n",
      "   1.26602777e+03]]\n",
      "2) i, j:  (2, 0)\n",
      "3) c, s: 0.999078, -0.042922; c^2 + s^2 = 1.000000\n",
      "4) delta: 4079147.687116, omega: 217.312884, frobenius_norm: 4079365.000000, delta+omega= 4079365.000000 \n",
      "\n",
      "Iteration 14 \n",
      "----------\n",
      "1) [[ 1.36643865e+03 -5.89017644e-01  5.28253453e-03 -5.59892530e+00\n",
      "   3.39085971e-01]\n",
      " [-5.89017644e-01  1.77150484e+02 -5.45785157e-01  1.04731620e-01\n",
      "   2.69479398e+00]\n",
      " [ 5.28253453e-03 -5.45785157e-01  7.59327346e+02 -1.06123597e+00\n",
      "  -9.40886818e-14]\n",
      " [-5.59892530e+00  1.04731620e-01 -1.06123597e+00  3.19327742e+01\n",
      "  -2.41622273e+00]\n",
      " [ 3.39085971e-01  2.69479398e+00 -4.27759913e-14 -2.41622273e+00\n",
      "   1.26615074e+03]]\n",
      "2) i, j:  (2, 4)\n",
      "3) c, s: 0.999879, -0.015577; c^2 + s^2 = 1.000000\n",
      "4) delta: 4079272.309935, omega: 92.690065, frobenius_norm: 4079365.000000, delta+omega= 4079365.000000 \n",
      "\n",
      "Iteration 15 \n",
      "----------\n",
      "1) [[ 1.36646214e+03 -5.89451851e-01  9.73479069e-03 -1.22442933e-11\n",
      "   3.49219993e-01]\n",
      " [-5.89451851e-01  1.77150484e+02 -5.45785157e-01  1.02259537e-01\n",
      "   2.69479398e+00]\n",
      " [ 9.73479069e-03 -5.45785157e-01  7.59327346e+02 -1.06120447e+00\n",
      "  -9.40886818e-14]\n",
      " [-1.22317788e-11  1.02259537e-01 -1.06120447e+00  3.19092843e+01\n",
      "  -2.41477886e+00]\n",
      " [ 3.49219993e-01  2.69479398e+00 -4.27759913e-14 -2.41477886e+00\n",
      "   1.26615074e+03]]\n",
      "2) i, j:  (0, 3)\n",
      "3) c, s: 0.999991, 0.004195; c^2 + s^2 = 1.000000\n",
      "4) delta: 4079335.005864, omega: 29.994136, frobenius_norm: 4079365.000000, delta+omega= 4079365.000000 \n",
      "\n",
      "Iteration 16 \n",
      "----------\n",
      "1) [[ 1.36646214e+03 -5.90314203e-01  9.73479069e-03 -1.22442933e-11\n",
      "   3.47760304e-01]\n",
      " [-5.90314203e-01  1.77143816e+02 -5.45783486e-01  1.08234679e-01\n",
      "   2.08924867e-11]\n",
      " [ 9.73479069e-03 -5.45783486e-01  7.59327346e+02 -1.06120447e+00\n",
      "  -1.35056446e-03]\n",
      " [-1.22317788e-11  1.08234679e-01 -1.06120447e+00  3.19092843e+01\n",
      "  -2.41451842e+00]\n",
      " [ 3.47760304e-01  2.09088469e-11 -1.35056446e-03 -2.41451842e+00\n",
      "   1.26615741e+03]]\n",
      "2) i, j:  (4, 1)\n",
      "3) c, s: 0.999997, -0.002475; c^2 + s^2 = 1.000000\n",
      "4) delta: 4079349.529694, omega: 15.470306, frobenius_norm: 4079365.000000, delta+omega= 4079365.000000 \n",
      "\n",
      "Iteration 17 \n",
      "----------\n",
      "1) [[ 1.36646214e+03 -5.90314203e-01  9.73479069e-03  6.80307961e-04\n",
      "   3.47759639e-01]\n",
      " [-5.90314203e-01  1.77143816e+02 -5.45783486e-01  1.08234472e-01\n",
      "  -2.11734654e-04]\n",
      " [ 9.73479069e-03 -5.45783486e-01  7.59327346e+02 -1.06120508e+00\n",
      "   7.25425099e-04]\n",
      " [ 6.80307961e-04  1.08234472e-01 -1.06120508e+00  3.19045608e+01\n",
      "   1.34404769e-11]\n",
      " [ 3.47759639e-01 -2.11734654e-04  7.25425099e-04  1.34285081e-11\n",
      "   1.26616213e+03]]\n",
      "2) i, j:  (4, 3)\n",
      "3) c, s: 0.999998, 0.001956; c^2 + s^2 = 1.000000\n",
      "4) delta: 4079361.189492, omega: 3.810508, frobenius_norm: 4079365.000000, delta+omega= 4079365.000000 \n",
      "\n",
      "Iteration 18 \n",
      "----------\n",
      "1) [[ 1.36646214e+03 -5.90314203e-01  9.73378786e-03  6.94508850e-04\n",
      "   3.47759639e-01]\n",
      " [-5.90314203e-01  1.77143816e+02 -5.45940803e-01  1.07438139e-01\n",
      "  -2.11734654e-04]\n",
      " [ 9.73378786e-03 -5.45940803e-01  7.59328894e+02 -2.14602375e-11\n",
      "   7.25424327e-04]\n",
      " [ 6.94508850e-04  1.07438139e-01 -2.14593428e-11  3.19030127e+01\n",
      "   1.05830081e-06]\n",
      " [ 3.47759639e-01 -2.11734654e-04  7.25424327e-04  1.05830080e-06\n",
      "   1.26616213e+03]]\n",
      "2) i, j:  (2, 3)\n",
      "3) c, s: 0.999999, 0.001459; c^2 + s^2 = 1.000000\n",
      "4) delta: 4079363.441805, omega: 1.558195, frobenius_norm: 4079365.000000, delta+omega= 4079365.000000 \n",
      "\n",
      "Iteration 19 \n",
      "----------\n",
      "1) [[ 1.36646244e+03 -4.44174177e-11  1.00047625e-02  6.41182220e-04\n",
      "   3.47759701e-01]\n",
      " [-4.44756151e-11  1.77143523e+02 -5.45935904e-01  1.07438471e-01\n",
      "  -3.91253494e-05]\n",
      " [ 1.00047625e-02 -5.45935904e-01  7.59328894e+02 -2.14602375e-11\n",
      "   7.25424327e-04]\n",
      " [ 6.41182220e-04  1.07438471e-01 -2.14593428e-11  3.19030127e+01\n",
      "   1.05830081e-06]\n",
      " [ 3.47759701e-01 -3.91253494e-05  7.25424327e-04  1.05830080e-06\n",
      "   1.26616213e+03]]\n",
      "2) i, j:  (1, 0)\n",
      "3) c, s: 1.000000, -0.000496; c^2 + s^2 = 1.000000\n",
      "4) delta: 4079364.138746, omega: 0.861254, frobenius_norm: 4079365.000000, delta+omega= 4079365.000000 \n",
      "\n",
      "Iteration 20 \n",
      "----------\n",
      "1) [[ 1.36646244e+03  9.38176438e-06  1.00047581e-02  6.41182220e-04\n",
      "   3.47759701e-01]\n",
      " [ 9.38176433e-06  1.77143011e+02 -1.78237276e-11  1.07438424e-01\n",
      "  -3.84450769e-05]\n",
      " [ 1.00047581e-02 -1.77882245e-11  7.59329406e+02 -1.00748759e-04\n",
      "   7.25460697e-04]\n",
      " [ 6.41182220e-04  1.07438424e-01 -1.00748759e-04  3.19030127e+01\n",
      "   1.05830081e-06]\n",
      " [ 3.47759701e-01 -3.84450769e-05  7.25460698e-04  1.05830080e-06\n",
      "   1.26616213e+03]]\n",
      "2) i, j:  (1, 2)\n",
      "3) c, s: 1.000000, -0.000938; c^2 + s^2 = 1.000000\n",
      "4) delta: 4079364.734838, omega: 0.265162, frobenius_norm: 4079365.000000, delta+omega= 4079365.000000 \n",
      "\n",
      "Iteration 21 \n",
      "----------\n",
      "1) [[ 1.36646364e+03  9.24841420e-06  1.00072132e-02  6.41182035e-04\n",
      "   2.28059072e-13]\n",
      " [ 9.24841415e-06  1.77143011e+02 -1.78237276e-11  1.07438424e-01\n",
      "  -3.84773736e-05]\n",
      " [ 1.00072132e-02 -1.77882245e-11  7.59329406e+02 -1.00748759e-04\n",
      "   6.90768615e-04]\n",
      " [ 6.41182035e-04  1.07438424e-01 -1.00748759e-04  3.19030127e+01\n",
      "  -1.16476285e-06]\n",
      " [ 3.00133864e-13 -3.84773736e-05  6.90768615e-04 -1.16476286e-06\n",
      "   1.26616093e+03]]\n",
      "2) i, j:  (4, 0)\n",
      "3) c, s: 0.999994, 0.003467; c^2 + s^2 = 1.000000\n",
      "4) delta: 4079364.976712, omega: 0.023288, frobenius_norm: 4079365.000000, delta+omega= 4079365.000000 \n",
      "\n",
      "Iteration 22 \n",
      "----------\n",
      "1) [[ 1.36646364e+03  9.72271305e-06  1.00072132e-02  6.41175019e-04\n",
      "   2.28059072e-13]\n",
      " [ 9.72271299e-06  1.77143090e+02 -7.45446700e-08  3.08714343e-12\n",
      "  -3.84782247e-05]\n",
      " [ 1.00072132e-02 -7.45446345e-08  7.59329406e+02 -1.00748732e-04\n",
      "   6.90768615e-04]\n",
      " [ 6.41175019e-04  3.12523538e-12 -1.00748732e-04  3.19029332e+01\n",
      "  -1.13629968e-06]\n",
      " [ 3.00133864e-13 -3.84782247e-05  6.90768615e-04 -1.13629969e-06\n",
      "   1.26616093e+03]]\n",
      "2) i, j:  (3, 1)\n",
      "3) c, s: 1.000000, 0.000740; c^2 + s^2 = 1.000000\n",
      "4) delta: 4079364.999798, omega: 0.000202, frobenius_norm: 4079365.000000, delta+omega= 4079365.000000 \n",
      "\n",
      "Iteration 23 \n",
      "----------\n",
      "1) [[ 1.36646364e+03  9.72271182e-06 -3.09154569e-10  6.41173358e-04\n",
      "   1.13859622e-08]\n",
      " [ 9.72271176e-06  1.77143090e+02 -7.47049266e-08  3.08714343e-12\n",
      "  -3.84782247e-05]\n",
      " [-3.09332743e-10 -7.47048911e-08  7.59329406e+02 -1.00759300e-04\n",
      "   6.90768615e-04]\n",
      " [ 6.41173358e-04  3.12523538e-12 -1.00759300e-04  3.19029332e+01\n",
      "  -1.13629968e-06]\n",
      " [ 1.13860343e-08 -3.84782247e-05  6.90768615e-04 -1.13629969e-06\n",
      "   1.26616093e+03]]\n",
      "2) i, j:  (0, 2)\n",
      "3) c, s: 1.000000, -0.000016; c^2 + s^2 = 1.000000\n",
      "4) delta: 4079364.999998, omega: 0.000002, frobenius_norm: 4079365.000000, delta+omega= 4079365.000000 \n",
      "\n",
      "Final results:\n",
      "================================\n",
      "\n",
      "1) [[1366    0    0    0    0]\n",
      " [   0  177    0    0    0]\n",
      " [   0    0  759    0    0]\n",
      " [   0    0    0   31    0]\n",
      " [   0    0    0    0 1266]] \n",
      "\n",
      "2) Eigenvalues:  [1366.46364166  177.14309036  759.32940591   31.90293322 1266.16092884]\n",
      "3) Own vectors:  [[ 0.66716182 -0.05381085 -0.53508511 -0.24767291 -0.45204155]\n",
      " [-0.26079595  0.63369068 -0.19765129  0.49417672 -0.49713674]\n",
      " [ 0.55603628  0.38986851  0.72885784 -0.00259608 -0.08709592]\n",
      " [ 0.38823702 -0.2931998  -0.10298058  0.82120711  0.27985671]\n",
      " [ 0.16424448  0.59797737 -0.36438873 -0.14163208  0.68015294]]\n",
      "4) x = Av - lv:\n",
      "l1 = 1366.463642: [ 2.46393288e-04 -1.81824021e-04 -6.79544817e-05  5.31339245e-04\n",
      "  1.74610922e-04]\n",
      "l2 = 177.143090: [ 1.25248484e-07 -2.35614212e-05  8.76410358e-06  3.04189507e-06\n",
      " -3.05596399e-05]\n",
      "l3 = 759.329406: [ 7.43557208e-05  4.42559284e-04 -2.41317116e-04 -1.80616089e-04\n",
      "  4.41667417e-04]\n",
      "l4 = 31.902933: [ 3.71553924e-04 -7.44644430e-05 -4.16107466e-04 -1.58378757e-04\n",
      " -2.81834131e-04]\n",
      "l5 = 1266.160929: [ 3.93693822e-04  2.45258191e-04  5.11188317e-04 -2.17442925e-05\n",
      " -4.13573379e-05]\n"
     ]
    }
   ],
   "source": [
    "'''\n",
    "Jacobi method for symmetric matrix. It allows you to find all the eigenvalues and vectors of matrix.\n",
    "'''\n",
    "# Сalculation mathematical expressions that required for control check\n",
    "def omega(mat):\n",
    "    return np.sum(mat ** 2) - np.sum(np.diag(mat) ** 2)\n",
    "\n",
    "\n",
    "def frobenius_norm(mat):\n",
    "    return np.sum(mat ** 2)\n",
    "\n",
    "\n",
    "def delta(mat):\n",
    "    return np.sum(np.diag(mat) ** 2)\n",
    "\n",
    "# Finding eigenvalues:\n",
    "def eigen_problem(A):\n",
    "    k = 0\n",
    "    V = np.eye(len(A))\n",
    "    \n",
    "    # Iterative method:\n",
    "    while omega(A) > 1e-4:\n",
    "        k += 1\n",
    "        j = [0] * len(A)\n",
    "        A_abs = np.abs(A)\n",
    "        T = np.eye(len(A))\n",
